7.207210313467902196e-01 4.157684127987091305e-01 1.016051507172830437e-01 2.586299093656267978e-01 4.921688850679624139e-01 -1.977725387130391255e-01
6.957066562296480017e-01 7.051770590773935865e-01 1.289333135254544516e-01 2.492171137001949477e-01 5.702173021031740063e-01 -2.406520927227226991e-01
6.755064668859300792e-01 4.403767549488218913e-01 4.222007145749542278e-01 3.215427945315162406e-01 5.614667783955540337e-01 -1.538187973592157753e-01
6.600373034768189928e-01 3.489111757822938031e-01 1.527323539631412208e-01 5.495242840003962126e-01 4.962714544204007705e-01 -1.051860631865184637e-01
7.093151342113057645e-01 4.331235670825095418e-01 1.931570179956683120e-01 3.415636288885617322e-01 7.905024481945572834e-01 -2.018043585329718503e-01
6.519997861350158574e-01 2.918712720781294623e-01 -1.331501188511263756e-01 2.092023193312039231e-01 4.141525058190885789e-01 4.209874895245002691e-01
4.124104846227504284e-01 7.038751367922145841e-01 1.839784868704706922e-01 2.458977119306152703e-01 6.332120617796148654e-01 -3.071997346489350189e-01
3.563976790385754434e-01 6.871834766453912557e-01 4.102860352261752386e-01 3.238330003688643099e-01 5.668446217370569640e-01 -2.365122332585447573e-01
4.226376557544783141e-01 6.559370949811904605e-01 1.746943281544185433e-01 5.544622675263826128e-01 5.401310121958726729e-01 -1.710296171372687191e-01
4.321231345659410916e-01 7.128799035443766918e-01 2.031575649021949426e-01 3.189677007710686185e-01 8.135758159214881990e-01 -2.513750268944869859e-01
4.118348128472242298e-01 6.155541607191329367e-01 -1.489858877650624969e-01 1.039836270480848368e-01 5.338667379597199503e-01 4.116122327249437385e-01
3.236523236184459806e-01 3.616465599232782102e-01 4.914477619857553492e-01 3.209093624192111971e-01 4.967406507821228168e-01 -2.071721192530902034e-01
4.142403556804706843e-01 3.369128441402424734e-01 4.123671380147782006e-01 5.547143733764428042e-01 5.132579420589399311e-01 -1.448802372720165987e-01
4.350161573161676065e-01 4.604511117931179287e-01 4.543186115010825477e-01 3.897420675653867628e-01 8.139749358558647785e-01 -1.693555571445188868e-01
4.651552457072193336e-01 2.791843219203237192e-01 3.015555625900043779e-01 2.814610806663723208e-01 4.550822532045191160e-01 3.980463956952595694e-01
3.965192923837344008e-01 2.496291592972231799e-01 1.394257603675232993e-01 5.787569556258262971e-01 3.999453577116727221e-01 -1.110539439245439297e-01
4.293262696461369599e-01 3.459665255296755504e-01 1.821591990311468567e-01 5.668278411234999314e-01 8.093884331777889685e-01 -1.145662802214375553e-01
4.287994378075130619e-01 1.632536520913305811e-01 1.160755803255031360e-03 5.174034603588100190e-01 3.828906476789839530e-01 4.040393690574231034e-01
4.571976292678882059e-01 3.705099597659350374e-01 1.794596914766155571e-01 3.417611043833946871e-01 8.224175805059776856e-01 -2.723998581654800688e-01
4.097521221683217973e-01 2.246044282921791924e-01 -1.799138494265177801e-01 1.650681700316914968e-01 7.367578204122819940e-01 4.209862647355516740e-01
2.370801103958348754e-01 -1.571932200456105377e-02 -2.802802849841172783e-01 1.176626972521732650e-02 3.276112262633794625e-01 4.471220117265275462e-01
