6.444310525320522398e-01 1.339425049056306438e-01 2.935203612815343588e-01 -2.651677832929177914e-01 4.255324952476913225e-02 -2.522554136947996462e-01 3.201455667846289099e-01 8.605947404800828870e-02 2.074924524489136779e-01 -5.309497218151193465e-02 3.132276586081704783e-01 -4.697317768228197465e-01 -3.508244453574509425e-01 -4.783145292971704432e-01 -1.006136217768454078e-01
3.401305879528481180e-01 7.314895199530184744e-01 2.685994170771472955e-01 1.586877339584373825e-01 -1.339865109833064949e-01 -1.557610419353729903e-01 3.695121254214899231e-01 1.372289631224439255e-01 7.720376997974343070e-02 2.910171058907589092e-01 7.009163421369712932e-01 -1.293614668950056945e+00 -1.307200436778459096e+00 -2.709823218503075726e-01 -1.578222418697816654e-01
2.949353913676213690e-01 3.756095465264737143e-01 7.218696106517805688e-01 -6.276034905658445240e-02 -3.792643607058112654e-01 -9.659701400203424271e-02 1.436579417644179291e-01 8.127116589935323709e-02 -1.394988877311849063e-01 1.714078503380156437e-01 3.992553548963152510e-01 -1.509207026852949607e+00 -1.473481091893865003e+00 -9.243666207667913248e-01 -2.559444470294296448e-01
-2.058914299368146406e-01 2.820881200859429727e-01 -1.305293982310711254e-01 6.492380843961189640e-01 -1.827370556573033600e-01 1.143961958177360794e-01 2.424105898189743424e-01 -4.201887441396734424e-02 -1.315707218900603603e-01 3.359051153939397460e-01 7.111476063538469949e-01 -9.052928794018082481e-01 -8.052499967059871810e-01 -2.145858594315661616e-01 4.893364489989204813e-02
2.820100712502812135e-01 2.551936617989581935e-01 3.777019559127003934e-01 -8.055472225683169007e-02 4.864128989660827518e-01 -1.339638836671674937e-01 4.106928400122664691e-01 2.579912568243284410e-01 3.800896437432229602e-01 2.764731464857742571e-01 3.032475729240418083e-01 -7.180571065779297601e-01 -3.306338285644325747e-01 -7.771359504531987206e-01 -1.614503784013272547e-01
4.328790085354849992e-02 -2.134153586628289023e-01 2.425635158846040085e-02 8.586400558867191002e-02 -3.298892703564542117e-01 5.163741869192759459e-01 -2.949322307759705275e-02 7.365076562303629615e-02 -4.268326018108223874e-01 7.692074538801740857e-02 4.347944917160733169e-01 -6.471848169219349689e-01 -5.948469930119020255e-01 -4.636478072037653053e-01 -1.863817915327188324e-01
3.760922334843828096e-01 3.805020767607607546e-01 1.872841189897321845e-01 -4.317547672374533185e-02 1.489248499749781240e-01 -1.900258855610985620e-01 6.248352581150231622e-01 3.308809491188996477e-01 3.125088657550166849e-01 3.675739573924629022e-01 3.523405336767917451e-01 -6.483219226531597990e-01 -4.171134404561867015e-01 -1.583590962028400551e-01 4.063412709738212225e-02
3.664002625541389335e-01 3.146406881671705014e-01 2.741159852204870795e-01 -3.142134876914792763e-02 1.202922253291438537e-02 -2.045307015502983994e-01 4.474230276015722652e-01 5.479185478599410963e-01 2.569123933338234300e-01 1.973627419355620249e-01 2.698824693607567715e-01 -3.886962435111203096e-01 -3.007645080749696831e-01 -3.063937129753528943e-01 1.453448954468161691e-02
1.412646740343992402e-01 2.921725176672089752e-01 1.200447068540902995e-01 -2.738362264705882509e-01 2.796364518931864218e-01 -5.104256736214209944e-01 4.488497847316454958e-01 2.103206529210978060e-01 6.315806494912563629e-01 1.134763306421020523e-01 -3.579340948539033729e-01 -7.410344387062517413e-01 -5.434528867423336074e-01 -5.363264164827239444e-01 -1.047325996674617343e-01
7.702415070527013352e-02 3.658373529607283903e-01 9.496815554601889531e-02 2.642570561704341570e-01 8.487644734210841868e-02 -1.912817418204060260e-02 4.064402237961040054e-01 2.006616239095496690e-01 1.817081634785272515e-01 6.884914630022180848e-01 6.727448248812009091e-01 -1.014627336359460674e+00 -5.414559763571094031e-01 -3.963771517405068057e-01 -5.916001826292704990e-03
2.891318558679045747e-01 4.771790094266302740e-01 1.972169744701390837e-02 3.593975863242596658e-01 -1.760318775263947089e-03 -7.457375486408790444e-02 3.404254325468761833e-01 9.686854134082001355e-02 -1.235689939097863732e-01 1.959292777169165944e-01 9.085709895378144552e-01 -8.839290045741872159e-01 -6.556583445309469571e-01 -3.737203414427969772e-01 -8.953013483864236122e-02
-2.039636559333171117e-01 -5.333742913397683250e-01 -4.240006693469156041e-02 -5.850535002874122092e-01 -5.887874280237903601e-01 -6.157709489292286786e-01 -3.942466563131865609e-01 -6.797915617485221773e-01 -6.638103215116351041e-01 -1.476498503698000508e-01 -1.233211631961126376e+00 2.157327574140188720e-01 -1.113423423904302823e-03 -4.436124186135614877e-01 -3.834659743189239300e-01
1.259656090903723547e-01 -1.472629970778083219e-02 4.428677054337759600e-02 -1.962539319686493755e-01 1.512960299341170600e-02 -3.195240862186610187e-01 1.869484390883362490e-01 -9.994396975106933922e-02 5.201955574470829013e-02 -8.262254074822439343e-02 -7.605025868290162805e-01 -1.323199287310008465e-01 2.251117992691901160e-01 -3.737025113968917012e-01 -3.008731563351774163e-02
-1.108071159692315177e+00 -4.667716286741265819e-01 -9.491049170785978983e-01 -1.978754548569747751e-01 -5.299899225475475095e-01 -8.884320241488252723e-01 -4.291113367677699131e-01 -7.790370269668365211e-01 -5.873137617350709938e-01 -1.338837380312396519e-02 5.381314460513175746e-02 -4.650123835341224421e-01 -4.077221024584600784e-01 5.874484997811675324e-01 -1.043481813280713322e-01
-7.596056527909622602e-03 1.406412341607005123e-01 -2.646278454698365312e-01 5.167951661302427890e-02 -4.479203125916051409e-01 -6.781140013109754339e-01 4.211886484586035984e-02 -5.436938252311949160e-01 -1.953320977892529786e-01 -9.857793286203553329e-02 2.724594146575283204e-01 -3.321120759568934044e-01 -8.995479168562692251e-02 -2.777623899339949354e-01 5.030131254704026667e-01
