5.399067713236094246e-01 4.868811166252792200e-01 4.800911363174570345e-01 1.339682326712124949e-01 1.108125381446239954e-01 -4.380232059496380614e-02 3.407295884918549733e-01 2.905134143366042698e-01 1.384044367416090715e-01 1.646580826637784600e-01 5.585546319953302863e-01 -5.431413989140372323e-01 -4.521792720293864587e-01 -4.668196727675595348e-01 -2.610846971154789919e-02
4.518004943606719337e-01 6.126767196387924441e-01 4.282891405670233853e-01 3.614553529137549681e-01 9.835957659072624981e-02 -7.874305098648504142e-03 2.947020764231412793e-01 2.205625614343774687e-01 7.768201951783348935e-02 2.480291217349894772e-01 7.349698633978178908e-01 -5.348399600378521690e-01 -4.842075205074030109e-01 -2.914668325059439624e-01 5.209186634967188922e-02
3.068516068486106807e-01 4.125819969173726287e-01 6.655663267494724700e-01 1.396188354030515333e-01 -8.968447247392474786e-02 -1.491174199461720029e-02 1.692066571508484829e-01 1.649913950395611728e-01 -8.269458929443551654e-02 1.614735265377014173e-01 5.279944939126557379e-01 -8.997827297223552900e-01 -7.100199374445994582e-01 -8.794631017725282884e-01 -1.321374255270488796e-01
7.305701177414214431e-02 2.452549355635396111e-01 1.063480368630557171e-01 6.314196080714629122e-01 -7.918055133709711590e-02 5.486542772216951303e-02 1.106505049882527958e-01 2.601385604293493525e-02 -1.762085886391651091e-01 1.851347630781862152e-01 7.739104176019823145e-01 -9.222809867464265565e-01 -8.076199665359515834e-01 -6.128819089141317455e-01 -1.187841869180961130e-01
3.496662156582819314e-01 3.645670347545263423e-01 4.023024877611404149e-01 1.104110970483526133e-01 3.011121206345541701e-01 -7.818415203277440106e-02 3.419621085691673112e-01 2.285458224851333320e-01 3.440778756362671276e-01 2.014195670148353212e-01 3.586120307360867177e-01 -4.791361006659349275e-01 -3.375217917374855325e-01 -6.669425646920048578e-01 -9.619061089150138244e-02
7.270113404005762447e-02 4.003586684765159109e-02 2.528036442461790712e-01 1.067336451303869671e-01 -2.445999452023361886e-01 3.946728294590736708e-01 1.044200203603407040e-03 1.279192730197978856e-01 -3.887009007896302659e-01 2.496734871437367165e-02 4.322681008148666626e-01 -6.413374001066227681e-01 -5.887911202403366406e-01 -8.075175577773521240e-01 -2.695699718820510071e-01
4.444494584782258118e-01 4.876325973825043070e-01 3.547081734762757010e-01 2.422419976673398923e-01 1.347917243904082074e-01 -1.360457800626175828e-01 4.474636897557429105e-01 2.855871857544139969e-01 3.146409666962490803e-01 3.217960012729095265e-01 5.899771559733695270e-01 -4.077554397617701998e-01 -2.819303876484080540e-01 -2.215802810274445367e-01 1.141797756765532412e-01
4.167297781466889894e-01 4.670890595349658225e-01 4.504423145564951936e-01 2.486784335815639402e-01 7.443132119618289799e-02 9.647799375773391528e-02 3.478549206477086209e-01 4.150766523158951893e-01 1.403539267282771785e-01 2.102204847785512642e-01 5.320075535574634307e-01 -5.417438327368562234e-01 -4.193405002609122967e-01 -5.604250261876990713e-01 -4.371318102678500850e-02
3.223347894277076575e-01 3.690384091086671425e-01 3.019461098181542846e-01 -3.201881096645409208e-02 2.211838381132056330e-01 -3.710751922134110092e-01 3.636041109412584404e-01 1.770004469554949944e-01 4.347195799978416098e-01 1.572314864856887429e-01 9.464170279989159162e-02 -3.910907785085064869e-01 -2.706143921899659688e-01 -4.331016889645535883e-01 -2.490846210727282184e-02
3.774551688150026285e-01 4.772636673764634185e-01 4.419844164078556847e-01 4.285653036154272177e-01 1.262633201476212053e-01 6.463397758082467526e-02 3.578527388307244372e-01 2.197646702252116224e-01 1.960979121345863829e-01 4.269619030646130131e-01 6.795543466013554967e-01 -6.647216917673754999e-01 -4.528133031624057558e-01 -3.524364744348693623e-01 5.126677126705458942e-02
2.717386229197895631e-01 4.256933847918544789e-01 2.435667929299538681e-01 4.865444859260605881e-01 -6.615501218408037509e-02 -4.321857381863436487e-02 2.147639531748047892e-01 1.157628658207734418e-01 -1.093209987050183241e-01 1.232722100840319968e-01 8.607401575924958914e-01 -9.894428643797552603e-01 -8.934709934578028978e-01 -4.814622625020770208e-01 -1.182977643195153306e-01
-2.729482338687305720e-01 -2.748892007857233200e-01 -2.881220737108836083e-01 -3.738891181293111377e-01 -3.677440992750724558e-01 -4.515360911767878349e-01 -2.513292406494380682e-01 -3.475611586929125973e-01 -3.616204636342468248e-01 -1.809001549607505144e-01 -3.249368230660916179e-01 1.206678703919228379e-01 6.410673579805148403e-02 -2.164434445406138163e-01 -8.185478262576895148e-02
-2.426535404862699696e-01 -3.138904562616884331e-01 -2.893077842248290565e-01 -2.159676980956828363e-01 -2.686764331070730094e-01 -3.431284388401183438e-01 -2.364767202271504942e-01 -3.608525080483111491e-01 -2.852428482460429571e-01 -1.145137053373879166e-01 -2.105387426511664550e-01 3.635272451720339415e-02 1.639679676268729347e-01 -4.552035443341211352e-01 1.406568115721595902e-02
-1.167865754868704364e+00 -7.759567459663303524e-01 -9.148304576039276714e-01 -2.614546018712724518e-01 -6.914044244534445216e-01 -9.899701555244810880e-01 -4.771278485816299320e-01 -7.538120569081712130e-01 -5.733184005234008840e-01 -1.893432543889905784e-01 -5.854305101771206665e-02 -3.732497449831986280e-01 -4.773969703940870168e-01 3.334812277590967211e-01 -1.632773988668352327e-01
1.993028334143357450e-01 2.893027658711293526e-01 4.681741487029522641e-02 2.123215875826313104e-01 -1.853985189010745049e-01 -4.630972395352928039e-01 1.671523041567959389e-01 -2.246167640663703224e-01 6.544665371541735777e-02 3.814158247845256255e-02 3.461588192933443553e-01 -3.056426553211659680e-01 -7.292803371045186722e-02 -2.600581418800997913e-01 3.476364837117794648e-01
