5.558485368838861351e-01 5.307309386763263692e-01 4.674029781498663105e-01 2.142319962002325884e-01 1.236216856213809834e-01 -1.806908140902052651e-02 3.588950106984453159e-01 2.813714711555321824e-01 1.760682831384459135e-01 2.221322623044444944e-01 5.396822685061752889e-01 -3.928884273705521846e-01 -3.428811767517581099e-01 -2.613304105266811561e-01 4.407844871920907348e-02
4.703127728064093738e-01 6.164170372919534069e-01 4.453994191824661719e-01 3.737621505449548742e-01 1.276412165751195094e-01 -1.220638913686999949e-02 3.080284159515295217e-01 2.244913136482352689e-01 1.106607676451583089e-01 2.407470772012348936e-01 7.403278471257104254e-01 -5.325024845522567940e-01 -4.411723373801037518e-01 -3.473142721818354151e-01 4.502687760610746270e-02
3.517588964430022891e-01 3.980121750977672068e-01 6.560326256298351089e-01 1.212615010718113284e-01 2.786280829364706779e-02 1.000305830493442016e-01 1.680585880116565178e-01 2.542906278187528901e-01 -8.193345217417880022e-02 1.665686761634798119e-01 3.281700662360378384e-01 -5.807484158058691115e-01 -3.973110976828118091e-01 -7.943113839547970567e-01 -9.072896846670630566e-02
1.565351923747626550e-02 2.111289495706253350e-01 1.943467021865379341e-01 6.390518201562551681e-01 -4.741135307335686555e-02 4.880360752806078839e-02 1.118602314727362712e-01 -3.089631070865239693e-03 -1.394952438230334657e-01 2.247217281654058096e-01 7.801460531320427716e-01 -8.545457421247277807e-01 -6.057474170129237834e-01 -6.177753814399291610e-01 -4.661022480017651404e-02
3.785634743970616167e-01 4.332774386785738230e-01 4.279766239184906729e-01 1.666846164975958056e-01 3.156343394279944592e-01 -6.812778412995923460e-02 3.570951851863162219e-01 2.655323728995386823e-01 3.475672408769342470e-01 1.953073463060048809e-01 3.227347193680430992e-01 -3.770552413121079915e-01 -2.433109662112205029e-01 -4.850352374942947797e-01 -5.210061481049965693e-02
8.016504082256370456e-02 7.103301333182754362e-02 2.339794614558083907e-01 1.966039352612370950e-01 -1.479693718052155216e-01 4.053167970637052697e-01 4.742219280504855750e-02 1.369029342886072254e-01 -2.739149993356244650e-01 1.101697728891519734e-01 4.473610429475017858e-01 -5.183208597074189239e-01 -3.789570758029054964e-01 -7.548709807742790545e-01 -1.740751472439732161e-01
4.676563816049186251e-01 5.021616540396200978e-01 3.912626230983062836e-01 2.632250143993888347e-01 1.544193836143361587e-01 -9.721592972056636306e-02 4.602613817758819392e-01 3.064298367351938612e-01 3.110089573156401554e-01 3.273994557903909808e-01 5.295960504996126694e-01 -3.416864379398947271e-01 -2.528856934249699151e-01 -1.659075081338936553e-01 1.146797499658961383e-01
4.288369212744064241e-01 4.452810782114580146e-01 4.509213037602893825e-01 1.821795020816086019e-01 1.026873444474235564e-01 1.053095932848664429e-01 3.579891062725971684e-01 4.354068154650144740e-01 1.941819306050690530e-01 2.112470701678902385e-01 4.015597533342954994e-01 -4.142630672575104978e-01 -3.213917660309337787e-01 -4.532237024155365557e-01 -3.221310015957934425e-02
2.914011282613185871e-01 3.796678555327631654e-01 3.371190240650043801e-01 1.110129428336844581e-01 2.007214414268518876e-01 -3.051060452526150879e-01 3.529437515130635639e-01 1.357407456315765648e-01 4.426476888683337219e-01 1.566920510121387888e-01 1.722486942478859140e-01 -3.730421468994153944e-01 -2.641076625532561284e-01 -3.747437683868259928e-01 9.513807362106052601e-03
3.640665674465789481e-01 4.669635855556958370e-01 4.559319700593428282e-01 4.047480900424497152e-01 1.475406578434192983e-01 5.149278411251545506e-02 3.747678480727480999e-01 2.264189648554651990e-01 2.385366453041062318e-01 4.568674143237750895e-01 5.260204158320904710e-01 -6.290162428205916534e-01 -4.295039863314027428e-01 -3.172834426186501577e-01 7.568907260541368753e-02
3.226400486679830149e-01 4.870286630447120402e-01 3.623626545043139302e-01 4.585148930737418249e-01 6.616225894898930537e-02 6.513566618525867824e-02 2.314175177660352523e-01 1.518363318406936724e-01 -2.298240440698773313e-02 2.165342348082051060e-01 8.764139109825933582e-01 -6.494623570990618600e-01 -4.588733370560511560e-01 -6.041683046884960273e-01 -2.533426890613621474e-02
-2.453108904351664066e-01 -2.403425380210368889e-01 -3.367853732590717630e-01 -3.005420065618640280e-01 -3.232655437589766478e-01 -3.827553461153245795e-01 -2.582606372835714037e-01 -2.731959465464539605e-01 -2.968212918303423375e-01 -1.424012723625447396e-01 -3.604380952991856901e-01 1.269224895914281559e-01 9.210158725581474304e-02 -2.349627951985093777e-01 -9.821566179098284444e-02
-1.379039650620648150e-01 -2.174511610347631407e-01 -3.191893685976365802e-01 -1.711239280664267337e-01 -2.728554072937345865e-01 -3.502498439594088353e-01 -1.998563917674027746e-01 -3.339028991894386067e-01 -2.245136528057303238e-01 -1.076568091290035500e-01 -1.617985394192125170e-01 2.429145141378175055e-02 1.779965004390280381e-01 -4.067411005849579375e-01 5.279583649139563128e-02
-2.575223484054480760e-01 -1.028470882306409262e-01 -3.825942957615549034e-01 -6.588854910740105097e-02 -3.850440689738743316e-01 -7.392866798824040409e-01 -1.876919961574576856e-01 -4.589263496427644640e-01 -3.007855481620302918e-01 -4.065655436500259512e-02 1.125409313472489625e-01 -3.518204830915334647e-01 -3.922846496146872308e-01 3.662228282995471096e-01 -3.871451987702800857e-02
1.844589216987745361e-01 3.081404290355435061e-01 4.163343428200305674e-02 2.549199385389626649e-01 -1.725835221325424662e-01 -4.176360846710449604e-01 1.758127130584345998e-01 -1.790071065847096410e-01 4.552685935632783121e-02 9.018780341835141989e-02 3.323942766522571812e-01 -2.227372970987919754e-01 -3.775377623522913062e-02 -2.142152840958873039e-01 3.475474304180700136e-01
