6.942109082774076123e-01 5.223803233577808403e-01 4.283554288718998126e-01 2.471266143091915835e-01 1.366272125515815006e-01 4.158313064638308187e-02 3.853498266605827061e-01 2.424180820796310032e-01 2.003524850948021907e-01 2.543479766326789404e-01 5.129485641473117141e-01 -4.403136141770500611e-01 -3.579818041529896355e-01 -3.012749182652518787e-01 5.495661458089484697e-02
3.897703234793836735e-01 8.004424366900676491e-01 3.528697409385911365e-01 4.608438897702926695e-01 2.279520328791749817e-01 7.452636774758558680e-02 3.477169424404027431e-01 1.557452014456728318e-01 1.963802063515971419e-01 4.115423714636604613e-01 8.156410934916321631e-01 -6.058462114954970001e-01 -4.457152839513327525e-01 -2.499370745736235744e-01 9.404278064589999264e-02
3.341811134268016792e-01 3.711267458636572369e-01 7.440248132291682470e-01 2.172111272031740370e-02 8.509666705677609855e-02 1.458800937458996083e-01 2.436114169353320591e-01 3.091728944790318456e-01 8.102649301488917821e-02 2.370015518213570704e-01 2.687588088639956130e-01 -5.047262337775144658e-01 -3.442822593872207904e-01 -8.346225832059617211e-01 -8.582648450824725828e-02
9.313453550013750526e-02 3.159121513622941135e-01 3.592565690165616665e-02 7.171842781770402242e-01 1.011470571713328770e-01 1.855290541753850109e-01 2.063321327698894869e-01 6.134010952709501030e-02 2.542277854232921630e-02 4.417475225026300523e-01 8.135771470417547668e-01 -7.902213213777240508e-01 -5.297950729311016183e-01 -4.639237228172521377e-01 9.554932782012659498e-02
2.980659210364471345e-01 3.422386844703356745e-01 4.553135006058380840e-01 1.289506369121850016e-01 4.606593016509951122e-01 -8.873700294786401876e-02 4.388172533982670487e-01 2.013638591513600140e-01 4.547709640893735639e-01 3.096825487921376352e-01 3.503567922675534518e-01 -4.900111569170024772e-01 -2.099394039924717958e-01 -4.627420223999005877e-01 -7.361999004604302677e-02
1.220481105666827437e-01 3.488809934292469439e-02 2.084558107495305679e-01 2.420892229218892799e-01 -1.350878740540615297e-01 5.129974648777388957e-01 3.252830348815072270e-02 9.873396259693134613e-02 -3.166507053880016631e-01 2.282998489746076443e-01 4.891765184385838960e-01 -6.005599194458588475e-01 -4.712646278397023547e-01 -6.332058471930910315e-01 -1.090097410029140512e-01
4.353321713498141676e-01 5.194638941119800180e-01 2.642272404065064695e-01 3.652436289149746385e-01 2.655575373667367067e-01 7.819531376458366267e-02 6.609409910195156446e-01 3.879558085159763303e-01 3.864918213573972361e-01 5.458069952411586101e-01 6.348576025329351058e-01 -4.078284519995625246e-01 -1.992586142790009340e-01 -5.132352858194066947e-02 1.255179052803019335e-01
3.687060425750023906e-01 3.866821120987204985e-01 4.154412322659767343e-01 1.612137423748060128e-01 9.477897414431479817e-02 4.374786233117355927e-02 4.291945457305171852e-01 5.574987856494616478e-01 2.584742923803392545e-01 3.624329346912144034e-01 4.742615927734059600e-01 -3.946488076962391123e-01 -2.420772140555562668e-01 -3.920063264373516709e-01 5.120770076608383015e-02
1.627240153000123479e-01 3.642449237000638940e-01 2.518876596976373783e-01 4.655258187257094171e-02 2.842517673578182080e-01 -4.717967967162788323e-01 4.550095610063465967e-01 1.220485216163642583e-01 6.172301761244887164e-01 1.873573267834558465e-01 6.834265083093860049e-02 -5.236797999645437240e-01 -3.409958560336261435e-01 -4.769884258351377859e-01 3.105062360300137048e-02
2.881055257779918666e-01 5.773784289207504195e-01 2.633731552647486929e-01 4.877748782170773234e-01 2.307686709576770578e-01 1.004966246042856559e-01 5.148067628511288074e-01 2.624279061338324892e-01 3.167735504169361116e-01 7.380651301954230803e-01 7.876963579993061515e-01 -8.487347273653338409e-01 -4.296850201289630355e-01 -3.050855354332604463e-01 1.545202407701248282e-01
3.144860035702889967e-01 4.576898472583642574e-01 1.670483631161688853e-01 4.780119470834610640e-01 1.326190759074231673e-01 1.090465914147540349e-01 2.632155651689873643e-01 1.102564163004831066e-01 8.831966488563580686e-02 3.795983826452972165e-01 9.384437813509981519e-01 -6.263994225077758049e-01 -3.843904599264420519e-01 -5.751061441755216386e-01 3.289998609407596142e-03
3.395110216815599991e-03 3.723420959766421401e-02 9.386103135901036065e-02 -4.679208284500988579e-01 -3.792638909291559113e-01 -3.718113357773278338e-01 -1.044862079589006232e-01 -2.516133109100555654e-01 -2.889447803647184898e-01 -1.835432534801471061e-01 -5.169993749562906693e-01 2.508355386692140421e-01 1.417594572454005108e-01 -1.927255090460742171e-01 -1.504283793039471462e-01
-5.530156340295633299e-03 8.984154987733194986e-03 -4.052407864583362773e-02 -1.020752985487116682e-01 -2.043409667132907170e-01 -3.980552022978138815e-01 -4.950614045733758850e-02 -3.599800300192397273e-01 -9.702675656035064655e-02 1.234158880418201321e-02 -3.245783338851970790e-02 5.279053857635895852e-02 3.502008518639869727e-01 -2.607208702147185697e-01 1.165897889219854600e-01
-1.560315522220079298e-01 1.856736874722741959e-02 -5.702991753339341496e-01 -8.036695187481335267e-02 -3.688530871411657142e-01 -1.007136807908274978e+00 8.121784774485218961e-04 -5.639439818204945443e-01 -1.952334136495070815e-01 8.851756858929793470e-02 1.484814229868146596e-01 -3.833630074421374712e-01 -3.072247438034290123e-01 6.060596188237409310e-01 -4.706859162087129178e-03
1.517374277940911620e-01 3.605669465272456353e-01 -2.369518038409734739e-01 3.143941562345723417e-01 -1.547248480398124570e-01 -5.713319799726375159e-01 1.903633074149793103e-01 -2.217452864160855963e-01 8.155614673749422838e-02 2.127305570740996021e-01 5.371204259301460837e-01 -2.761764923549361317e-01 2.808362008735243442e-02 -1.902785749569979590e-01 5.167589277698457773e-01
